"","hemacias","hemoglobina","hematocrito","volumeglob","hemoglobina_m","hemoglobina_concent","rdw","leucocitos","segmentados","segmentados_m","bastonados","linfocitos","linfocitos_m","monocitos","monocitos_m","eosinofilos","eosinofilos_m","basofilos","basofilos_m","plaquetas","plaquetas_vol","X.1","X","Amostra","PCR","CRH","Cortisol"
"1",4.93,14.6,42.6,86.4,29.6,34.3,11.8,8200,60.5,4961,0,31.5,2583,6.1,500.2,1.7,139.4,0.2,16.4,195000,11.2,1,1,"P1",NA,NA,NA
"2",4.32,12.4,39.2,90.7,28.7,31.6,12.8,6720,58.2,3911,0,30.5,2049.6,7.6,510.7,3.1,208.3,0.6,40.3,223000,10.2,2,2,"P2","0,879","89,561","92,68"
"3",4.1,12.6,38.7,94.4,30.7,32.6,12.7,8290,55,4559.5,0,33.8,2802,7.8,646.6,2.7,223.8,0.7,58,349000,11,3,3,"P3","3,757","94,723","89,3"
"4",4.21,14.3,43.7,103.8,34,32.7,12.6,8710,65.5,5705.1,0,17.8,1550.4,4.7,409.4,11.4,992.9,0.6,52.3,163000,13,4,4,"P4",NA,"105,059","191,8"
"5",4.27,12.9,37.1,86.9,30.2,34.8,12.2,7990,56.7,4530.3,0,34.8,2780.5,7,559.3,1.1,87.9,0.4,32,229000,10.2,5,5,"P5",NA,NA,NA
"6",3.68,13.5,40.5,110.1,36.7,33.3,13.5,5880,40.3,2369.6,0,43.4,2551.9,9.9,582.1,5.4,317.5,1,58.8,245000,8.9,6,6,"P6","2,445","95,692","77,09"
"7",4.11,11.6,36.7,89.3,28.2,31.6,13.6,11330,70.2,7953.7,0,21.5,2436,7.3,827.1,0.8,90.6,0.2,22.7,283000,10.6,7,7,"P7","7,795","104,484","2,17"
"8",4.94,15.6,45.7,92.5,31.6,34.1,12.5,5380,42.7,2297.3,0,46.3,2490.9,10.2,548.8,0.4,21.5,0.4,21.5,189000,10.8,8,8,"P8","0,052","99,69","91"
"9",4.62,14.2,41.5,89.8,30.7,34.2,12.9,6580,50.1,3296.6,0,37.1,2441.2,7.6,500.1,4.4,289.5,0.8,52.6,233000,11,9,9,"P9","12,38756121","97,152","60,51"
"10",4.61,12.9,40.5,87.9,28,31.9,12.2,7460,66.1,4931.1,0,25.5,1902.3,6.7,499.8,1.2,89.5,0.5,37.3,281000,9.8,10,10,"P10","1,541","102,334","75,16"
"11",4.69,14,42.1,89.8,29.9,33.3,12.6,6730,38.9,2618,0,49.8,3351.5,8.2,551.9,2.7,181.7,0.4,26.9,201000,11.9,11,11,"P11","2,524","106,045","71,18"
"12",5.44,14.5,45.6,83.8,26.7,31.8,13.1,7530,53.5,4028.6,0,37.6,2831.3,7,527.1,1.5,113,0.4,30.1,196000,11.7,12,12,"P12",NA,"105,616","92,09"
"13",4.51,12.6,40.6,90,27.9,31,13.2,8980,61,5477.8,0,27.6,2478.5,8,718.4,3,269.4,0.4,35.9,350000,8.6,13,13,"P13","0,822","106,019","87,55"
"14",4.81,13.9,43,89.4,28.9,32.3,12.7,8990,56.6,5088.3,0,31.6,2840.8,9,809.1,2.1,188.8,0.7,62.9,276000,11.4,14,14,"P14","0,395","103,01","88,86"
"15",4.06,12.6,36.8,90.6,31,34.2,13.3,9040,46.9,4239.8,0,43.1,3896.2,8.7,786.5,0.9,81.4,0.4,36.2,189000,10.6,15,15,"P15","3,205","102,382","82,29"
"16",4.39,13.5,40.1,91.3,30.8,33.7,12.9,3420,45.3,1549.3,0,43,1470.6,11.1,379.6,0,0,0.6,20.5,201000,11,16,16,"P16","0,871","105,636","75,46"
"17",4.67,13.8,43.6,93.4,29.6,31.7,14.8,9410,72.3,6803.4,0,12.9,1213.9,6.8,639.9,7.7,724.6,0.3,28.2,274000,10.4,17,17,"P17","1,369","105,624","89,06"
"18",5.42,14.6,45.6,84.1,26.9,32,13.6,8360,58.2,4865.5,0,28.6,2391,7.3,610.3,4.5,376.2,1.4,117,245000,10,18,18,"P18",NA,"106,054","86,64"
"19",5.09,16,46.8,91.9,31.4,34.2,13.5,18280,31.4,5739.9,0,63.1,11534.7,3.8,694.6,1.4,255.9,0.3,54.8,2e+05,10.3,19,19,"P19","1,387","104,71","93,23"
"20",4.54,12.5,38.7,85.2,27.5,32.3,13.7,8840,66.4,5869.8,0,21.4,1891.8,10,884,2,176.8,0.2,17.7,241000,11,20,20,"P20","0,85","91,182","86,23"
"21",4.5,13.1,41.2,91.6,29.1,31.8,13,5550,63.2,3507.6,0,27.6,1531.8,9,499.5,0.2,11.1,0,0,299000,9.6,21,21,"P21","0,587","88,27","82,67"
"22",4.48,13.3,39.4,88,29.7,33.8,12.7,6870,53.3,3661.7,0,38.7,2658.7,6.7,460.3,1,68.7,0.3,20.6,299000,9.6,22,22,"P22","3,181","105,419","30,17"
"23",4.35,12.1,37.2,85.5,27.8,32.5,13.5,7700,59.5,4581.5,0,32.2,2479.4,6.2,477.4,1.7,130.9,0.4,30.8,284000,9.5,23,23,"P23","0,118","105,631","78,22"
"24",4.56,12.7,39,85.5,27.9,32.6,12.4,9960,58.3,5806.7,0,30.5,3037.8,8.7,866.5,2.2,219.1,0.3,29.9,393000,9.1,24,24,"P24",NA,"105,508","25,28"
"25",4.13,13.7,38.4,93,33.2,35.7,13.1,5970,64.1,3826.8,0,24.1,1438.8,9.7,579.1,1.3,77.6,0.8,47.8,2e+05,10.1,25,25,"P25","5,176","104,447","76,53"
"26",4.65,14.1,42.7,91.8,30.3,33,13.2,12300,72.3,8892.9,4,14,1722,8.5,1045.5,1,123,0.2,24.6,190000,12.2,26,26,"P26","1,159","105,471","65,84"
"27",4.03,13.2,37.2,92.3,32.8,35.5,11.7,7460,66,4923.6,0,24.5,1827.7,8.7,649,0.4,29.8,0.4,29.8,222000,9.5,27,27,"P27","3,123","106,01","54,97"
"28",4.47,12.9,39.2,87.7,28.9,32.9,13.8,7580,63.5,4813.3,0,24.4,1849.5,8.7,659.5,2.9,219.8,0.5,37.9,260000,10.7,28,28,"P28",NA,"101,448","54,82"
"29",3.85,11.9,33.7,87.5,30.9,35.3,12.8,6070,66.5,4036.6,0,26.9,1632.8,5.1,309.6,1.2,72.8,0.3,18.2,233000,10.1,29,29,"P29","2,426","100,861","46,5"
"30",4.9,14.6,44.6,91,29.8,32.7,12.6,7260,64.7,4697.2,0,24.4,1771.4,6.3,457.4,3.9,283.1,0.7,50.8,243000,9.6,30,30,"P30","1,349","98,35","74,71"
"31",4.43,13.7,40.3,91,30.9,34,13.4,5520,44.2,2439.8,0,41.3,2279.8,7.1,391.9,4.5,248.4,2.9,160.1,328000,9.4,31,31,"P31","0,461","98,449","67,44"
"32",4.21,13.5,39,92.6,32.1,34.6,12.4,5700,57.3,3266.1,0,29.8,1698.6,9.6,547.2,2.8,159.6,0.5,28.5,225000,9.6,32,32,"P32","2,945","102,299","65,75"
"33",4.53,13.6,40.1,88.5,30,33.9,11.9,9100,68.9,6269.9,0,21.9,1992.9,8.2,746.2,0.8,72.8,0.2,18.2,289000,9,33,33,"P33","0,408","104,537","73,14"
"34",4.45,13.1,39.6,89,29.4,33.1,12.2,5370,49.2,2642,0,37.6,2019.1,9.1,488.7,3.5,188,0.6,32.2,283000,10.3,34,34,"P34","2,707","92,001","53,13"
"35",4.76,13,39.3,82.6,27.3,33.1,13.1,8530,57.4,4896.2,0,32.5,2772.3,6.9,588.6,2.8,238.8,0.4,34.1,281000,9.2,35,35,"P35",NA,"65,912","89,41"
"36",4.2,13.7,41.9,99.8,32.6,32.7,13.1,9280,71.3,6616.6,2,15.7,1457,7.2,668.2,2.6,241.3,1.2,111.4,205000,11.2,36,36,"P36","0,603","105,243","85"
"37",4.58,12.6,37.7,82.3,27.5,33.4,12.2,8060,61.1,4924.7,0,32.4,2611.4,5.3,427.2,1,80.6,0.2,16.1,271000,9.3,37,37,"P37",NA,"105,722","63,53"
"38",4.15,11.3,35.3,85.1,27.2,32,13.3,4970,50.1,2490,0,29.6,1471.1,16.7,830,3.2,159,0.4,19.9,167000,13.1,38,38,"P38",NA,"105,399","71,41"
"39",4.59,13.9,40,87.2,30.3,34.8,12.4,6110,61.9,3782.1,0,26,1588.6,9.8,598.8,2.1,128.3,0.2,12.2,212000,9.2,39,39,"P39","0,456","106,008","52,04"
"40",4.23,13.1,38.4,90.8,31,34.1,12.9,5120,55.5,2841.6,0,35.9,1838.1,7.2,368.6,1.2,61.4,0.2,10.2,216000,10.1,40,40,"P40",NA,"93,646","59,81"
"41",4.31,13.8,40.6,94.2,32,34,12.5,8040,57.7,4639.1,0,33.2,2669.3,7.5,603,1.4,112.6,0.2,16.1,232000,9.8,41,41,"P41",NA,"106,002","23,57"
"42",4.59,13.8,40.4,88,30.1,34.2,12.7,7220,45.6,3292.3,0,40.3,2909.7,13,938.6,0.8,57.8,0.3,21.7,276000,9.2,42,42,"P42","0,885","100,182","31,81"
"43",4.51,13.6,39.9,88.5,30.2,34.1,13.6,4430,44.2,1958.1,0,46.3,2051.1,8.1,358.8,0.9,39.9,0.5,22.2,269000,9.3,43,43,"P43","4,841","61,272","75,19"
"44",4.58,14.2,42.8,NA,NA,NA,12,10810,74.9,NA,NA,17.2,NA,5.6,NA,1.7,NA,0.6,NA,280000,10,44,44,"P44",NA,"99,301","83,11"
"45",4.58,14.5,43.3,94.5,31.7,33.5,13.4,9960,62.3,6205.1,0,26.9,2679.2,7.5,747,2.7,268.9,0.6,59.8,266000,11.3,45,45,"P45","1,767","101,823","17,04"
"46",4.12,12.9,39.3,95.4,31.3,32.8,14.3,8730,57,4976.1,0,29.7,2592.8,10.8,942.8,2.2,192.1,0.3,26.2,251000,10.1,46,46,"P46",NA,"104,137","68,94"
"47",4.46,14,42.6,95.5,31.4,32.9,12.3,7490,55.6,4164.4,0,33,2471.7,8.3,621.7,2.7,202.2,0.4,30,216000,11,47,47,"P47","1,538","100,548","35,41"
"48",4.83,13.8,41.2,85.3,28.6,33.5,14.4,8990,52.6,4728.7,0,34.3,3083.6,9.7,872,2.8,251.7,0.6,53.9,182000,9.5,48,48,"P48","3,455","106,071","29,06"
"49",4.72,14.2,43.9,93,30.1,32.4,13,6470,62,4011.4,0,25.5,1649.9,7.4,478.8,4.6,297.6,0.5,32.4,193000,10.5,49,49,"P49","1,302","103,204","46,27"
"50",5.65,15.4,48.6,86,27.3,31.7,14.8,9650,52.9,5104.9,0,36.9,3560.9,8.8,849.2,1.1,106.2,0.3,29,255000,10.9,50,50,"P50","3,414","42,415","30,08"
"51",NA,NA,NA,NA,NA,NA,NA,NA,NA,NA,NA,NA,NA,NA,NA,NA,NA,NA,NA,NA,NA,NA,NA,NA,NA,NA,NA
