"","idade","hemacias","hemoglobina","hematocrito","volumeglob","hemoglobina_m","hemoglobina_concent","rdw","leucocitos","segmentados","segmentados_m","bastonados","linfocitos","linfocitos_m","monocitos","monocitos_m","eosinofilos","eosinofilos_m","basofilos","basofilos_m","plaquetas","plaquetas_vol","tempo_casado","num_filhos","anos_estudo","renda_familia","quant_pessoas","cigarros_semana","tempo_tabagismo","exercicio_tempo","exercicio_duracao","traumatismo_tempo","peso","altura","internacao_quant","internacao_geral_quant","shaps","acips_total","acips_antec","acips_cons","teps_total","teps_antec","teps_cons","bas_total","bis_total","panas_neg","panas_pos","hads_total","hads_ans","hads_dep","neuroticismo","quesi_abuso_emoc","quesi_abuso_fis","quesi_abuso_sex","quesi_neglig_emoc","quesi_neglig_fis","quesi_total","PCR","CRH","cortisol","imc"
"1",56,4.93,14.6,42.6,86.4,29.6,34.3,11.8,8200,60.5,4961,0,31.5,2583,6.1,500.2,1.7,139.4,0.2,16.4,195000,11.2,36,3,3,5000,9,0,0,0,0,0,80,1.6,10,0,18,84,34,50,93,50,43,46,19,16,29,7,2,5,24,11,10,7,16,13,57,NA,NA,NA,31.25
"2",31,4.32,12.4,39.2,90.7,28.7,31.6,12.8,6720,58.2,3911,0,30.5,2049.6,7.6,510.7,3.1,208.3,0.6,40.3,223000,10.2,15,2,9,3000,4,0,0,0,0,24,67,1.6,2,1,27,48,23,25,41,27,14,20,20,12,17,3,2,1,18,18,6,5,5,9,43,0.879,89.561,92.68,26.171875
"3",32,4.1,12.6,38.7,94.4,30.7,32.6,12.7,8290,55,4559.5,0,33.8,2802,7.8,646.6,2.7,223.8,0.7,58,349000,11,9,2,13,2500,4,0,0,5,0.83,0,100,1.64,2,0,20,101,41,60,105,57,48,45,22,13,32,2,1,1,23,5,5,5,5,5,25,3.757,94.723,89.3,37.180249851279
"4",56,4.21,14.3,43.7,103.8,34,32.7,12.6,8710,65.5,5705.1,0,17.8,1550.4,4.7,409.4,11.4,992.9,0.6,52.3,163000,13,31,3,4,1500,3,35,42,0,0,0,54,1.7,2,0,36,64,21,43,36,15,21,NA,16,27,17,24,8,16,26,7,14,5,5,11,42,NA,105.059,191.8,18.6851211072664
"5",33,4.27,12.9,37.1,86.9,30.2,34.8,12.2,7990,56.7,4530.3,0,34.8,2780.5,7,559.3,1.1,87.9,0.4,32,229000,10.2,0,0,23,3500,1,0,0,3,0.66,0,67,1.7,0,1,19,88,33,55,93,50,43,45,21,22,37,7,5,2,29,10,7,5,8,6,36,NA,NA,NA,23.1833910034602
"6",50,3.68,13.5,40.5,110.1,36.7,33.3,13.5,5880,40.3,2369.6,0,43.4,2551.9,9.9,582.1,5.4,317.5,1,58.8,245000,8.9,8,4,5,2200,2,NA,35,0,0,0,111,156,24,2,23,76,32,44,75,32,43,23,18,28,34,11,3,8,22,10,5,11,11,7,44,2.445,95.692,77.09,0.00456114398422091
"7",48,4.11,11.6,36.7,89.3,28.2,31.6,13.6,11330,70.2,7953.7,0,21.5,2436,7.3,827.1,0.8,90.6,0.2,22.7,283000,10.6,14,3,2,1900,2,0,0,0,0,0,71,1.65,0,13,35,66,28,38,NA,NA,28,33,28,31,22,16,7,9,33,16,15,5,17,15,68,7.795,104.484,2.17,26.078971533517
"8",41,4.94,15.6,45.7,92.5,31.6,34.1,12.5,5380,42.7,2297.3,0,46.3,2490.9,10.2,548.8,0.4,21.5,0.4,21.5,189000,10.8,0,0,15,4000,3,0,0,0,0,5.5,110,1.9,2,1,33,97,40,57,97,50,47,42,25,33,32,20,9,11,29,19,15,11,16,12,73,0.052,99.69,91,30.4709141274238
"9",35,4.62,14.2,41.5,89.8,30.7,34.2,12.9,6580,50.1,3296.6,0,37.1,2441.2,7.6,500.1,4.4,289.5,0.8,52.6,233000,11,0,0,20,7000,4,0,0,0,0,0,92,1.65,0,1,38,53,21,32,62,45,17,41,22,24,31,18,5,13,22,8,11,7,9,6,41,12.38756121,97.152,60.51,33.7924701561065
"10",39,4.61,12.9,40.5,87.9,28,31.9,12.2,7460,66.1,4931.1,0,25.5,1902.3,6.7,499.8,1.2,89.5,0.5,37.3,281000,9.8,14,0,25,4500,0,0,0,0,0,0,75,1.7,0,NA,14,97,42,55,107,59,48,49,25,26,46,10,8,2,36,9,6,9,8,6,38,1.541,102.334,75.16,25.9515570934256
"11",56,4.69,14,42.1,89.8,29.9,33.3,12.6,6730,38.9,2618,0,49.8,3351.5,8.2,551.9,2.7,181.7,0.4,26.9,201000,11.9,40,4,11,6500,1,0,0,3,1,0,74.5,1.62,0,5,20,53,28,25,94,46,48,40,24,23,43,4,3,1,21,17,13,10,16,5,61,2.524,106.045,71.18,28.3874409388813
"12",42,5.44,14.5,45.6,83.8,26.7,31.8,13.1,7530,53.5,4028.6,0,37.6,2831.3,7,527.1,1.5,113,0.4,30.1,196000,11.7,15,1,8,3500,3,49,8,0,0,0,67.5,1.7,0,1,16,89,36,53,74,43,31,48,19,23,46,5,4,1,27,16,8,5,17,12,58,NA,105.616,92.09,23.356401384083
"13",59,4.51,12.6,40.6,90,27.9,31,13.2,8980,61,5477.8,0,27.6,2478.5,8,718.4,3,269.4,0.4,35.9,350000,8.6,0,2,11,5500,1,0,0,0,0,0,72,1.62,1,1,34,85,35,50,66,35,31,44,14,30,36,22,10,12,28,14,5,15,7,7,48,0.822,106.019,87.55,27.4348422496571
"14",52,4.81,13.9,43,89.4,28.9,32.3,12.7,8990,56.6,5088.3,0,31.6,2840.8,9,809.1,2.1,188.8,0.7,62.9,276000,11.4,13,4,NA,3000,4,0,0,0,0,0,80,1.72,2,1,22,92,38,54,100,55,45,37,22,22,30,6,4,2,25,9,6,5,15,8,43,0.395,103.01,88.86,27.0416441319632
"15",62,4.06,12.6,36.8,90.6,31,34.2,13.3,9040,46.9,4239.8,0,43.1,3896.2,8.7,786.5,0.9,81.4,0.4,36.2,189000,10.6,20,4,0,1800,1,0,0,0,0,0,108,1.66,1,2,19,NA,NA,37,81,38,43,26,23,33,23,12,4,8,29,7,7,11,9,12,46,3.205,102.382,82.29,39.1929162432864
"16",52,4.39,13.5,40.1,91.3,30.8,33.7,12.9,3420,45.3,1549.3,0,43,1470.6,11.1,379.6,0,0,0.6,20.5,201000,11,35,2,3,3000,1,0,0,0,0,20,70,1.66,0,15,22,95,41,54,78,45,33,43,28,36,32,25,16,9,36,19,21,17,17,17,91,0.871,105.636,75.46,25.4028160836116
"17",71,4.67,13.8,43.6,93.4,29.6,31.7,14.8,9410,72.3,6803.4,0,12.9,1213.9,6.8,639.9,7.7,724.6,0.3,28.2,274000,10.4,0,0,8,960,NA,0,0,1,2,0,70,1.52,1,6,27,67,29,38,68,32,36,32,13,22,34,12,4,8,22,5,5,5,12,8,35,1.369,105.624,89.06,30.297783933518
"18",55,5.42,14.6,45.6,84.1,26.9,32,13.6,8360,58.2,4865.5,0,28.6,2391,7.3,610.3,4.5,376.2,1.4,117,245000,10,35,2,8,4500,5,13,35,0,0,0,76,1.68,7,1,32,59,27,32,NA,NA,38,32,21,16,34,16,6,10,NA,7,5,5,14,11,42,NA,106.054,86.64,26.9274376417234
"19",92,5.09,16,46.8,91.9,31.4,34.2,13.5,18280,31.4,5739.9,0,63.1,11534.7,3.8,694.6,1.4,255.9,0.3,54.8,2e+05,10.3,0,0,34,6000,1,200,44,4,10,0,100,181,4,1,18,58,19,39,71,33,38,36,23,14,37,11,2,9,15,7,6,7,17,6,43,1.387,104.71,93.23,0.00305240987759836
"20",64,4.54,12.5,38.7,85.2,27.5,32.3,13.7,8840,66.4,5869.8,0,21.4,1891.8,10,884,2,176.8,0.2,17.7,241000,11,4,1,NA,1000,0,0,0,0,0,0,84,1.62,6,1,31,59,27,32,63,35,28,28,22,26,29,19,10,9,23,6,6,5,9,8,34,0.85,91.182,86.23,32.0073159579332
"21",21,4.5,13.1,41.2,91.6,29.1,31.8,13,5550,63.2,3507.6,0,27.6,1531.8,9,499.5,0.2,11.1,0,0,299000,9.6,0,0,12,10000,2,40,5,8,5,0,64,1.57,3,1,25,83,31,52,95,54,41,33,NA,22,33,7,2,5,27,7,NA,5,NA,NA,NA,0.587,88.27,82.67,25.9645421720962
"22",46,4.48,13.3,39.4,88,29.7,33.8,12.7,6870,53.3,3661.7,0,38.7,2658.7,6.7,460.3,1,68.7,0.3,20.6,299000,9.6,10,2,14,4000,2,0,0,0,0,0,95,1.64,1,0,34,50,23,27,52,31,21,33,21,17,33,12,5,7,NA,7,6,5,8,6,32,3.181,105.419,30.17,35.3212373587151
"23",32,4.35,12.1,37.2,85.5,27.8,32.5,13.5,7700,59.5,4581.5,0,32.2,2479.4,6.2,477.4,1.7,130.9,0.4,30.8,284000,9.5,12,2,11,7000,2,0,0,0,0,0,89,1.65,4,3,50,32,13,19,54,29,25,22,16,41,15,35,17,18,37,6,6,5,5,5,27,0.118,105.631,78.22,32.6905417814509
"24",40,4.56,12.7,39,85.5,27.9,32.6,12.4,9960,58.3,5806.7,0,30.5,3037.8,8.7,866.5,2.2,219.1,0.3,29.9,393000,9.1,0,1,NA,NA,2,0,0,0,0,0,103,1.65,1,1,35,46,20,26,56,34,22,34,26,27,23,22,9,13,28,8,5,5,11,8,37,NA,105.508,25.28,37.8328741965106
"25",68,4.13,13.7,38.4,93,33.2,35.7,13.1,5970,64.1,3826.8,0,24.1,1438.8,9.7,579.1,1.3,77.6,0.8,47.8,2e+05,10.1,0,0,5,2000,4,0,0,0,0,0,75,1.68,3,0,52,22,7,15,34,17,17,25,17,21,21,22,7,15,19,9,6,5,15,11,46,5.176,104.447,76.53,26.5731292517007
"26",67,4.65,14.1,42.7,91.8,30.3,33,13.2,12300,72.3,8892.9,4,14,1722,8.5,1045.5,1,123,0.2,24.6,190000,12.2,13,2,12,4500,0,30,47,10,0,0,74,1.65,1,7,24,71,26,45,73,32,41,36,20,19,43,7,5,2,29,14,8,9,5,9,45,1.159,105.471,65.84,27.1808999081726
"27",30,4.03,13.2,37.2,92.3,32.8,35.5,11.7,7460,66,4923.6,0,24.5,1827.7,8.7,649,0.4,29.8,0.4,29.8,222000,9.5,0,0,21,3000,NA,0,0,0,0,0,62,1.65,0,1,30,63,25,38,59,36,23,32,22,22,31,18,9,9,26,6,5,5,12,5,33,3.123,106.01,54.97,22.77318640955
"28",28,4.47,12.9,39.2,87.7,28.9,32.9,13.8,7580,63.5,4813.3,0,24.4,1849.5,8.7,659.5,2.9,219.8,0.5,37.9,260000,10.7,0,1,12,2000,2,70,3,0,0,0,118,1.72,10,0,35,74,36,38,73,48,25,39,23,19,11,16,5,11,26,5,5,5,5,5,25,NA,101.448,54.82,39.8864250946458
"29",38,3.85,11.9,33.7,87.5,30.9,35.3,12.8,6070,66.5,4036.6,0,26.9,1632.8,5.1,309.6,1.2,72.8,0.3,18.2,233000,10.1,3,1,14,2500,2,0,0,10,0,19,70,1.74,0,0,22,94,39,55,94,53,41,36,26,16,40,6,3,3,19,6,6,5,7,5,29,2.426,100.861,46.5,23.1206235962479
"30",40,4.9,14.6,44.6,91,29.8,32.7,12.6,7260,64.7,4697.2,0,24.4,1771.4,6.3,457.4,3.9,283.1,0.7,50.8,243000,9.6,0,0,NA,NA,2,NA,NA,NA,0,0,80,1.8,2,NA,38,50,25,25,50,30,20,41,28,32,23,22,10,12,34,18,12,5,17,14,66,1.349,98.35,74.71,24.6913580246914
"31",49,4.43,13.7,40.3,91,30.9,34,13.4,5520,44.2,2439.8,0,41.3,2279.8,7.1,391.9,4.5,248.4,2.9,160.1,328000,9.4,20,0,NA,NA,2,NA,NA,NA,0,0,68,1.64,2,0,33,65,25,40,77,49,28,38,26,21,34,16,9,7,25,7,5,5,9,6,32,0.461,98.449,67.44,25.2825698988697
"32",50,4.21,13.5,39,92.6,32.1,34.6,12.4,5700,57.3,3266.1,0,29.8,1698.6,9.6,547.2,2.8,159.6,0.5,28.5,225000,9.6,30,2,16,15000,2,0,0,3,0.5,0,85,1.64,0,15,22,61,24,37,44,26,18,31,28,40,23,29,16,13,39,16,7,14,11,9,57,2.945,102.299,65.75,31.6032123735872
"33",41,4.53,13.6,40.1,88.5,30,33.9,11.9,9100,68.9,6269.9,0,21.9,1992.9,8.2,746.2,0.8,72.8,0.2,18.2,289000,9,15,2,17,5000,4,140,25,0,0,0,52,1.6,1,2,32,44,16,28,60,35,25,40,27,32,42,16,8,8,32,10,10,5,11,9,45,0.408,104.537,73.14,20.3125
"34",50,4.45,13.1,39.6,89,29.4,33.1,12.2,5370,49.2,2642,0,37.6,2019.1,9.1,488.7,3.5,188,0.6,32.2,283000,10.3,28,3,14,4500,4,NA,NA,NA,0,0,61,1.6,3,4,39,52,23,29,65,38,27,32,25,24,30,17,8,9,26,9,9,5,10,10,43,2.707,92.001,53.13,23.828125
"35",54,4.76,13,39.3,82.6,27.3,33.1,13.1,8530,57.4,4896.2,0,32.5,2772.3,6.9,588.6,2.8,238.8,0.4,34.1,281000,9.2,35,3,11,3000,2,0,0,3.5,5,0,80,1.48,0,2,41,60,27,33,46,23,23,42,22,38,36,28,16,12,33,15,13,9,19,13,69,NA,65.912,89.41,36.5230094959825
"36",63,4.2,13.7,41.9,99.8,32.6,32.7,13.1,9280,71.3,6616.6,2,15.7,1457,7.2,668.2,2.6,241.3,1.2,111.4,205000,11.2,NA,NA,NA,NA,NA,NA,NA,NA,NA,NA,NA,NA,NA,NA,NA,NA,NA,NA,NA,NA,NA,NA,NA,NA,NA,NA,NA,NA,NA,NA,NA,NA,NA,NA,NA,0.603,105.243,85,NA
"37",33,4.58,12.6,37.7,82.3,27.5,33.4,12.2,8060,61.1,4924.7,0,32.4,2611.4,5.3,427.2,1,80.6,0.2,16.1,271000,9.3,0,0,14,5000,3,0,0,0,0,0,67,1.59,0,2,26,NA,28,NA,67,41,26,32,11,27,39,14,7,7,16,8,5,16,7,6,42,NA,105.722,63.53,26.5021162137574
"38",21,4.15,11.3,35.3,85.1,27.2,32,13.3,4970,50.1,2490,0,29.6,1471.1,16.7,830,3.2,159,0.4,19.9,167000,13.1,0,0,7,5000,4,0,0,0,0,0,81,1.52,1,NA,30,60,28,32,92,53,39,39,19,31,29,30,18,12,22,14,11,5,18,8,56,NA,105.399,71.41,35.058864265928
"39",60,4.59,13.9,40,87.2,30.3,34.8,12.4,6110,61.9,3782.1,0,26,1588.6,9.8,598.8,2.1,128.3,0.2,12.2,212000,9.2,4,4,0,3000,5,0,0,3,1,0,60,1.58,0,1,NA,NA,NA,NA,NA,NA,NA,NA,NA,NA,NA,NA,NA,NA,NA,NA,NA,NA,NA,NA,NA,0.456,106.008,52.04,24.034609838167
"40",40,4.23,13.1,38.4,90.8,31,34.1,12.9,5120,55.5,2841.6,0,35.9,1838.1,7.2,368.6,1.2,61.4,0.2,10.2,216000,10.1,10,3,NA,1500,0,0,0,0,0,0,50,1.6,1,3,25,64,28,36,98,53,45,45,26,27,41,19,11,8,31,11,6,5,8,7,37,NA,93.646,59.81,19.53125
"41",54,4.31,13.8,40.6,94.2,32,34,12.5,8040,57.7,4639.1,0,33.2,2669.3,7.5,603,1.4,112.6,0.2,16.1,232000,9.8,1,1,NA,NA,2,0,0,0,0,33,63,1.51,0,NA,25,73,31,42,71,40,31,33,24,16,37,6,3,3,17,7,6,5,5,6,29,NA,106.002,23.57,27.6303670891628
"42",29,4.59,13.8,40.4,88,30.1,34.2,12.7,7220,45.6,3292.3,0,40.3,2909.7,13,938.6,0.8,57.8,0.3,21.7,276000,9.2,0,0,12,2000,0,0,0,7,1,0,66,1.65,1,0,17,85,34,51,98,53,45,34,20,25,32,8,6,2,25,6,5,5,9,5,30,0.885,100.182,31.81,24.2424242424242
"43",42,4.51,13.6,39.9,88.5,30.2,34.1,13.6,4430,44.2,1958.1,0,46.3,2051.1,8.1,358.8,0.9,39.9,0.5,22.2,269000,9.3,10,1,NA,2000,1,0,0,0,0,0,58,1.6,0,1,28,82,36,46,95,55,40,36,21,16,43,4,2,2,17,5,5,5,6,7,28,4.841,61.272,75.19,22.65625
"44",52,4.58,14.2,42.8,NA,NA,NA,12,10810,74.9,NA,NA,17.2,NA,5.6,NA,1.7,NA,0.6,NA,280000,10,13,2,NA,2500,2,NA,38,0,0,0,75,1.75,5,NA,47,43,18,25,52,27,25,38,18,25,26,20,6,14,22,10,7,5,11,13,46,NA,99.301,83.11,24.4897959183673
"45",54,4.58,14.5,43.3,94.5,31.7,33.5,13.4,9960,62.3,6205.1,0,26.9,2679.2,7.5,747,2.7,268.9,0.6,59.8,266000,11.3,NA,NA,NA,NA,NA,NA,NA,NA,NA,NA,NA,NA,NA,NA,NA,NA,NA,NA,NA,NA,NA,NA,NA,NA,NA,NA,NA,NA,NA,NA,NA,NA,NA,NA,NA,1.767,101.823,17.04,NA
"46",62,4.12,12.9,39.3,95.4,31.3,32.8,14.3,8730,57,4976.1,0,29.7,2592.8,10.8,942.8,2.2,192.1,0.3,26.2,251000,10.1,10,1,4,3500,1,0,0,4,1,0,74,1.74,5,1,35,83,30,53,70,37,33,39,9,20,25,6,1,5,9,5,8,5,8,5,31,NA,104.137,68.94,24.441802087462
"47",54,4.46,14,42.6,95.5,31.4,32.9,12.3,7490,55.6,4164.4,0,33,2471.7,8.3,621.7,2.7,202.2,0.4,30,216000,11,26,3,4,3000,1,0,0,0,0,0,64,1.58,0,10,31,NA,28,NA,74,39,35,33,21,35,23,23,13,10,30,17,14,15,17,15,78,1.538,100.548,35.41,25.6369171607114
"48",39,4.83,13.8,41.2,85.3,28.6,33.5,14.4,8990,52.6,4728.7,0,34.3,3083.6,9.7,872,2.8,251.7,0.6,53.9,182000,9.5,18,1,NA,2000,2,0,0,0,0,0,120,1.6,0,1,49,26,13,13,57,28,29,28,27,30,21,31,13,18,35,18,12,5,14,16,65,3.455,106.071,29.06,46.875
"49",62,4.72,14.2,43.9,93,30.1,32.4,13,6470,62,4011.4,0,25.5,1649.9,7.4,478.8,4.6,297.6,0.5,32.4,193000,10.5,45,2,NA,NA,2,0,0,0,0,0,58,1.56,0,2,27,74,32,42,86,48,38,38,21,19,43,5,3,2,15,7,5,9,5,7,33,1.302,103.204,46.27,23.8330046022354
"50",52,5.65,15.4,48.6,86,27.3,31.7,14.8,9650,52.9,5104.9,0,36.9,3560.9,8.8,849.2,1.1,106.2,0.3,29,255000,10.9,7,1,16,1200,1,0,0,0,0,34,102,1.65,0,4,35,61,27,34,65,39,26,42,19,14,16,25,11,14,33,14,5,20,10,5,54,3.414,42.415,30.08,37.465564738292
"51",NA,NA,NA,NA,NA,NA,NA,NA,NA,NA,NA,NA,NA,NA,NA,NA,NA,NA,NA,NA,NA,NA,0,0,21,1150,0,NA,NA,NA,0,22,105,1.67,0,1,21,87,33,54,92,52,40,42,26,34,38,NA,NA,NA,28,12,8,6,13,9,48,NA,NA,NA,37.6492523934168
