"","shaps","acips_total","acips_antec","acips_cons","teps_total","teps_antec","teps_cons","bas_total","bis_total","panas_neg","panas_pos","hads_total","hads_ans","hads_dep","neuroticismo","quesi_abuso_emoc","quesi_abuso_fis","quesi_abuso_sex","quesi_neglig_emoc","quesi_neglig_fis","quesi_total"
"1",18,84,34,50,93,50,43,46,19,16,29,7,2,5,24,11,10,7,16,13,57
"2",27,48,23,25,41,27,14,20,20,12,17,3,2,1,18,18,6,5,5,9,43
"3",20,101,41,60,105,57,48,45,22,13,32,2,1,1,23,5,5,5,5,5,25
"4",36,64,21,43,36,15,21,NA,16,27,17,24,8,16,26,7,14,5,5,11,42
"5",19,88,33,55,93,50,43,45,21,22,37,7,5,2,29,10,7,5,8,6,36
"6",23,76,32,44,75,32,43,23,18,28,34,11,3,8,22,10,5,11,11,7,44
"7",35,66,28,38,NA,NA,28,33,28,31,22,16,7,9,33,16,15,5,17,15,68
"8",33,97,40,57,97,50,47,42,25,33,32,20,9,11,29,19,15,11,16,12,73
"9",38,53,21,32,62,45,17,41,22,24,31,18,5,13,22,8,11,7,9,6,41
"10",14,97,42,55,107,59,48,49,25,26,46,10,8,2,36,9,6,9,8,6,38
"11",20,53,28,25,94,46,48,40,24,23,43,4,3,1,21,17,13,10,16,5,61
"12",16,89,36,53,74,43,31,48,19,23,46,5,4,1,27,16,8,5,17,12,58
"13",34,85,35,50,66,35,31,44,14,30,36,22,10,12,28,14,5,15,7,7,48
"14",22,92,38,54,100,55,45,37,22,22,30,6,4,2,25,9,6,5,15,8,43
"15",19,NA,NA,37,81,38,43,26,23,33,23,12,4,8,29,7,7,11,9,12,46
"16",22,95,41,54,78,45,33,43,28,36,32,25,16,9,36,19,21,17,17,17,91
"17",27,67,29,38,68,32,36,32,13,22,34,12,4,8,22,5,5,5,12,8,35
"18",32,59,27,32,NA,NA,38,32,21,16,34,16,6,10,NA,7,5,5,14,11,42
"19",18,58,19,39,71,33,38,36,23,14,37,11,2,9,15,7,6,7,17,6,43
"20",31,59,27,32,63,35,28,28,22,26,29,19,10,9,23,6,6,5,9,8,34
"21",25,83,31,52,95,54,41,33,NA,22,33,7,2,5,27,7,NA,5,NA,NA,NA
"22",34,50,23,27,52,31,21,33,21,17,33,12,5,7,NA,7,6,5,8,6,32
"23",50,32,13,19,54,29,25,22,16,41,15,35,17,18,37,6,6,5,5,5,27
"24",35,46,20,26,56,34,22,34,26,27,23,22,9,13,28,8,5,5,11,8,37
"25",52,22,7,15,34,17,17,25,17,21,21,22,7,15,19,9,6,5,15,11,46
"26",24,71,26,45,73,32,41,36,20,19,43,7,5,2,29,14,8,9,5,9,45
"27",30,63,25,38,59,36,23,32,22,22,31,18,9,9,26,6,5,5,12,5,33
"28",35,74,36,38,73,48,25,39,23,19,11,16,5,11,26,5,5,5,5,5,25
"29",22,94,39,55,94,53,41,36,26,16,40,6,3,3,19,6,6,5,7,5,29
"30",38,50,25,25,50,30,20,41,28,32,23,22,10,12,34,18,12,5,17,14,66
"31",33,65,25,40,77,49,28,38,26,21,34,16,9,7,25,7,5,5,9,6,32
"32",22,61,24,37,44,26,18,31,28,40,23,29,16,13,39,16,7,14,11,9,57
"33",32,44,16,28,60,35,25,40,27,32,42,16,8,8,32,10,10,5,11,9,45
"34",39,52,23,29,65,38,27,32,25,24,30,17,8,9,26,9,9,5,10,10,43
"35",41,60,27,33,46,23,23,42,22,38,36,28,16,12,33,15,13,9,19,13,69
"36",NA,NA,NA,NA,NA,NA,NA,NA,NA,NA,NA,NA,NA,NA,NA,NA,NA,NA,NA,NA,NA
"37",26,NA,28,NA,67,41,26,32,11,27,39,14,7,7,16,8,5,16,7,6,42
"38",30,60,28,32,92,53,39,39,19,31,29,30,18,12,22,14,11,5,18,8,56
"39",NA,NA,NA,NA,NA,NA,NA,NA,NA,NA,NA,NA,NA,NA,NA,NA,NA,NA,NA,NA,NA
"40",25,64,28,36,98,53,45,45,26,27,41,19,11,8,31,11,6,5,8,7,37
"41",25,73,31,42,71,40,31,33,24,16,37,6,3,3,17,7,6,5,5,6,29
"42",17,85,34,51,98,53,45,34,20,25,32,8,6,2,25,6,5,5,9,5,30
"43",28,82,36,46,95,55,40,36,21,16,43,4,2,2,17,5,5,5,6,7,28
"44",47,43,18,25,52,27,25,38,18,25,26,20,6,14,22,10,7,5,11,13,46
"45",NA,NA,NA,NA,NA,NA,NA,NA,NA,NA,NA,NA,NA,NA,NA,NA,NA,NA,NA,NA,NA
"46",35,83,30,53,70,37,33,39,9,20,25,6,1,5,9,5,8,5,8,5,31
"47",31,NA,28,NA,74,39,35,33,21,35,23,23,13,10,30,17,14,15,17,15,78
"48",49,26,13,13,57,28,29,28,27,30,21,31,13,18,35,18,12,5,14,16,65
"49",27,74,32,42,86,48,38,38,21,19,43,5,3,2,15,7,5,9,5,7,33
"50",35,61,27,34,65,39,26,42,19,14,16,25,11,14,33,14,5,20,10,5,54
"51",21,87,33,54,92,52,40,42,26,34,38,NA,NA,NA,28,12,8,6,13,9,48
